Reading in results from LEF/DEF parser and routing guide ...

Routing Nets ...

grid_size =  (52, 51)
num_nets =  11

Formatting  net1230
Testing
grid_x =  [41.9 42.1 42.3 42.5 42.7 42.9 43.1 43.3 43.5 43.7 43.9 44.1 44.3 44.5
 44.7 44.9 45.1 45.3 45.5 45.7 45.9 46.1 46.3 46.5 46.7 46.9 47.1 47.3
 47.5 47.7 47.9 48.1 48.3 48.5 48.7 48.9 49.1 49.3 49.5 49.7 49.9 50.1
 50.3 50.5 50.7 50.9 51.1 51.3 51.5 51.7 51.9 52.1]
grid_y =  [36.005 36.195 36.385 36.575 36.765 36.955 37.145 37.335 37.525 37.715
 37.905 38.095 38.285 38.475 38.665 38.855 39.045 39.235 39.425 39.615
 39.805 39.995 40.185 40.375 40.565 40.755 40.945 41.135 41.325 41.515
 41.705 41.895 42.085 42.275 42.465 42.655 42.845 43.035 43.225 43.415
 43.605 43.795 43.985 44.175 44.365 44.555 44.745 44.935 45.125 45.315
 45.505]
m =  0  llx =  46.6  lly =  41.04  urx =  49.2  ury =  41.1
Found Track Point
m =  0  llx =  46.864999999999995  lly =  36.724999999999994  urx =  47.364999999999995  ury =  36.805
